proj:       1
zone:       -23
north:      7537978.3704
south:      7503722.7373
east:       246582.4106
west:       215151.6541
cols:       1048
rows:       1142
e-w resol:  29.99117987
n-s resol:  29.99617609
format:     0
compressed: 5
